000000000000000000000000000000
0     7       0       7      0
0 0000 000000 0 000000 00000 0
0 0000 000000 0 000000 00000 0
07    7 7    7 7    7 7     70
0 0000 0 00000000000 0 00000 0
0     70      0      07     70
0 0000 000000 0 000000 00000 0
0 0000 0     6 6     0 00000 0
0 0000 0 00000000000 0 00000 0
0 0000 0 00000000000 0 00000 0
0 0000 0 00000000000 0 00000 0
0 0000 0 00000000000 0 00000 0
0 0000 07           70 00000 0
0 0000 0 00000000000 0 00000 0
0     7 7     0     7 7     70
0 0000 000000 0 000000 00000 0
07    7 7    6 6    7 70    70
0 0000 0 00000000000 0 0 000 0
07     0      0      0  7   70
0 00000000000 0 000000000000 0
0            7 7             0
000000000000000000000000000000
