000000000000000000000000000000
07   77 77    7     77 77   70
0 000770770000 0000077077000 0
0 000077700000 0000007770000 0
07    777     7      777    70
0 000000000000 0000000000000 0
07      700000 0000007      70
0 000000 00000 000000 000000 0
0 000000 00000 000000 000000 0
07    7 7  7  7   7  7 7    70
000000 0000 000000 0000 000000
000000 0000 000000 0000 000000
07    70000 000000 00007    70
0 000000000 000000 000000000 0
0 000000000 000000 000000000 0
07      7  7      7  7      70
00000000 00 000000 00 00000000
07   7  7007      7007  7   70
0 000 00 00 000000 00 00 000 0
0 000 00 007      700 00 000 0
0 000 00 00 000000 00 00 000 0
07   7  7  7      7  7  7   70
000000000000000000000000000000

