000000000000000000000000000000
0   7   7 7     7    7       0
0 00 000 0 00000 0000 000000 0
0 00 000 0 00000 0000 000000 0
0 00 000 07  7    0007   7  70
07  7   70 00 000 000 000000 0
0 000000 0 00 000 000 000000 0
0 000000 0 007  07 7 7  7   70
0    7  70 00 0 0 0 0 00 000 0
00000 00 0 00   0 0 0 007   70
00000 00 0 00 000 0 0 00 000 0
0    7  7 7  7 7 7 7 7007  0 0
0 00 000 000000 00000 00 0 0 0
0 007   7  0   7   0  007  0 0
0 00 000 0 0 00000 0 000 000 0
0 00 000 0 0 00000 0   7  7 70
07  7 7 70 0  7 7 7 700 00 0 0
0 0000 0 0 000 0 0 0 0 70 70 0
0   0 7  0 7  707 70 00 00 0 0
000 0 00000 00 0 0 0 00 00 0 0
000 0 00000 00 0 0 0 00 00 0 0  
0  7 7     7  7 7   7  7  7  0
000000000000000000000000000000
